0.2047960855837526
0.10411061076768513
0.06185594686017982
0.044304433342968595
0.03336843087113109
0.026955860297613102
0.024179585920325642
0.023288294464221287
0.022727324466766983
0.0244579266531971
0.023354547082221712
0.022602820255119224
0.022408126162943142
0.0221756288043127
0.021988830946642775
0.021908145895677394
0.021763830285133987
0.021691304037411666
0.02162340985097248
0.021562422336689358
0.021543908735801434
0.021462219638814187
0.02150570572321785
0.021433177404105663
0.021409703627357196
0.02138073047109205
0.02136904698122164
0.02136440204199532
0.021334535907953978
0.02129393571923519
0.02125403904837781
0.021289368850532276
0.02128779292427774
0.0212597804433056
0.021198353408996402
0.021229730276712055
0.021218000333113916
0.02120669584335952
0.0212165131875924
0.021162858313142227
0.02120703791171826
